1.18123e-75 6.27622e-185 2.48696e-114 8.87789e-45 2.20544e-07 0 5.92879e-323 1.12647e-321 0 0 1.72923e-322 0 0 3.60668e-322 0.418683
1.11165e-321 6.11341e-77 3.36793e-124 5.78322e-298 8.64615e-322 0 5.92879e-323 1.12647e-321 0 0 2.96439e-322 0 0 6.47226e-322 3.88776e-20
2.07014e-321 8.10268e-322 2.8557e-321 1.84781e-321 5.94721e-282 0 4.10074e-322 7.88529e-321 0 0 1.80828e-321 0 0 1.59621e-15 0.245057
5.01003e-152 2.16417e-236 2.03654e-166 4.99838e-75 1.66854e-138 0 5.92879e-323 1.12647e-321 0 0 2.2233e-322 0 0 5.03947e-322 4.38978e-108
7.08984e-321 4.59481e-322 6.96633e-322 6.9021e-321 1.17072e-309 0 6.42285e-322 1.23912e-320 0 0 2.42586e-321 0 0 6.25981e-321 0.220603
1.7984e-321 1.95762e-42 3.39277e-74 5.92245e-67 6.7687e-322 0 5.92879e-323 1.12647e-321 0 0 2.2233e-322 0 0 5.03947e-322 0.120091
1.2154e-321 7.14001e-53 1.83766e-131 5.66759e-102 4.76266e-31 0 5.92879e-323 1.12647e-321 0 0 1.72923e-322 0 0 4.29837e-322 0.335512
1.68476e-321 1.97626e-322 9.88131e-322 4.43978e-127 7.85564e-322 0 8.89318e-323 2.25294e-321 0 0 3.45846e-322 0 0 7.90505e-322 1.62059
6.71019e-42 2.40971e-64 2.75812e-100 1.76381e-321 7.46039e-322 0 5.92879e-323 1.12647e-321 0 0 2.2233e-322 0 0 5.03947e-322 0.156658
8.46087e-320 3.92473e-192 1.46243e-321 8.10268e-321 5.54836e-321 8.4337e-321 2024.97 77843.8 2.69859e-320 8.4337e-321 1711.51 4.25064e-319 8.4337e-321 4971.16 1.06407e-92
0.00579158 0.000814687 0.00213253 0.00710115 0.00270058 0 0 0 0 0 0 0 0 0 2.09604e-211
1.05236e-321 2.71736e-322 6.22523e-322 1.37844e-321 7.41098e-322 0 4.39718e-322 7.88529e-321 0 0 1.70947e-321 0 0 3.88336e-321 0.827247
1.93041e-286 8.94265e-63 7.05245e-48 1.57113e-321 5.79051e-228 0 2.96439e-323 1.12647e-321 0 0 1.4822e-322 0 0 3.60668e-322 0.18745
